000035
000065
000408
000533
000537
000582
000586
000628
000767
000807
000811
000829
000839
000899
000919
000933
000975
001212
001317
001339
001400
002025
002051
002066
002080
002169
002181
002198
002219
002235
002261
002290
002348
002353
002380
002384
002418
002429
002448
002454
002463
002478
002491
002498
002511
002571
002608
002624
002633
002663
002884
002899
002913
002946
002957
002975
002993
300017
300032
300099
300162
300201
300209
300227
300236
300241
300249
300264
300296
300308
300352
300383
300398
300442
300453
300502
300548
300560
300604
300617
300821
300828
300846
300855
300867
300895
300929
300951
300983
300988
301031
301053
301093
301099
301105
301113
301133
301203
301205
301223
301273
301307
301308
301319
301322
301369
301372
301500
301536
301606
301628
600111
600259
600282
600320
600410
600433
600666
600673
600710
600791
600970
600988
601002
601068
601133
601330
601518
601677
601789
601858
601996
601999
603002
603058
603061
603083
603105
603126
603138
603156
603196
603220
603279
603328
603588
603629
603687
603790
603806
603936
603950
605016
605162
605258
605298
605377
